$ 64 0.000005 1.0312258501325766 50 5 50 5e-11
x 107 70 155 73 4 24 RST
x 180 69 212 72 4 24 Op
x 231 71 287 74 4 24 Sadd
x 296 70 350 73 4 24 Ssub
x 374 71 390 74 4 24 E
x 439 67 457 70 4 24 G
x 548 65 612 68 4 24 Qmax
x 618 68 675 71 4 24 Qmin
w 128 96 160 96 0
I 160 96 160 144 0 0.5 5
x 504 68 523 71 4 24 M
w 512 96 544 96 0
I 544 96 544 144 0 0.5 5
w 128 160 704 160 0
w 640 192 704 192 0
150 704 176 816 176 0 2 0 5
w 160 224 688 224 0
w 192 256 688 256 0
w 512 288 688 288 0
150 688 256 800 256 0 3 0 5
w 688 224 688 240 0
w 688 288 688 272 0
w 384 320 656 320 0
w 576 352 656 352 0
150 656 336 736 336 0 2 0 5
w 400 384 656 384 0
w 256 416 656 416 0
150 656 400 736 400 0 2 0 5
152 736 368 832 368 0 2 0 5
w 736 336 736 352 0
w 736 400 736 384 0
150 832 304 912 304 0 2 0 5
w 832 368 832 320 0
w 800 256 832 256 0
w 832 256 832 288 0
w 384 96 400 96 0
w 816 176 1088 176 0
w 1088 176 1088 256 0
w 912 304 1136 304 0
152 1136 304 1216 304 0 3 0 5
w 1088 256 1088 288 0
w 1088 288 1136 288 0
w 800 512 832 512 0
w 688 544 688 528 0
w 688 480 688 496 0
150 688 512 800 512 0 3 0 5
w 544 544 688 544 0
w 192 512 688 512 0
w 160 480 688 480 0
w 448 576 656 576 0
w 640 608 656 608 0
150 656 592 736 592 0 2 0 5
w 448 96 464 96 0
w 464 640 656 640 0
w 320 672 656 672 0
150 656 656 736 656 0 2 0 5
152 736 624 832 624 0 2 0 5
w 736 592 736 608 0
w 736 656 736 640 0
w 864 512 864 544 0
w 832 512 864 512 0
w 864 624 864 576 0
150 864 560 944 560 0 2 0 5
w 832 624 848 624 0
w 848 624 864 624 0
w 1088 544 1088 320 0
w 1088 544 1088 560 0
w 944 560 1088 560 0
w 1088 320 1136 320 0
I 464 96 464 144 0 0.5 5
I 400 96 400 144 0 0.5 5
w 128 96 128 80 0
w 128 96 128 160 0
w 160 144 160 224 0
w 160 224 160 480 0
w 192 96 192 256 0
w 192 256 192 512 0
w 256 96 256 416 0
w 320 96 320 672 0
w 384 80 384 96 0
w 384 96 384 320 0
w 400 144 400 384 0
w 448 80 448 96 0
w 448 96 448 576 0
w 464 144 464 640 0
w 512 80 512 96 0
w 512 96 512 288 0
w 544 544 544 144 0
w 576 96 576 352 0
w 640 80 640 192 0
w 640 192 640 608 0
