$ 64 0.000005 23.47059216675035 50 5 50 5e-11
155 416 176 432 176 0 0
155 640 176 672 176 0 0
w 512 240 560 240 0
w 560 240 560 112 0
w 512 176 608 176 0
w 608 176 608 208 0
w 608 208 640 208 0
w 736 240 784 240 0
w 784 240 784 112 0
w 784 112 640 112 0
w 640 112 640 176 0
w 560 112 416 112 0
w 416 112 416 176 0
w 416 208 416 336 0
150 416 352 528 352 0 2 0 5
150 320 368 416 368 0 2 0 5
w 528 352 944 352 0
w 608 208 608 448 0
150 608 464 736 464 0 2 0 5
152 528 480 608 480 0 2 0 5
150 432 432 512 432 0 2 0 5
150 432 528 512 528 0 2 0 5
w 512 432 512 464 0
w 512 464 528 464 0
w 512 528 512 496 0
w 512 496 528 496 0
w 736 176 832 176 0
w 832 176 832 592 0
150 832 608 928 608 0 2 0 5
150 720 624 832 624 0 2 0 5
w 736 464 944 464 0
152 1024 464 1152 464 0 3 0 5
w 944 352 1024 352 0
w 1024 352 1024 448 0
w 944 464 1024 464 0
w 1024 608 1024 480 0
w 928 608 1024 608 0
L 64 144 32 144 0 0 false 5 0
x 51 110 80 113 4 24 Sp
x 165 116 186 119 4 24 Sl
R 416 208 352 208 1 2 100 2.5 2.5 0 0.5
L 176 144 208 144 0 0 false 5 0
w 176 144 176 192 0
w 176 192 224 192 0
I 224 192 224 256 0 0.5 5
I 112 192 112 256 0 0.5 5
w 64 192 112 192 0
w 64 144 64 192 0
w 320 352 64 352 0
w 320 384 224 384 0
w 432 416 64 416 0
w 432 448 176 448 0
w 432 512 112 512 0
w 432 544 224 544 0
w 720 608 112 608 0
w 720 640 176 640 0
w 176 192 176 448 0
w 176 448 176 640 0
w 224 256 224 384 0
w 224 384 224 544 0
w 112 256 112 512 0
w 112 512 112 608 0
w 64 192 64 352 0
w 64 352 64 416 0
M 1152 464 1216 464 0 2.5
o 40 64 0 4098 5 0.1 0 1
o 64 64 0 4098 5 0.1 1 1
